000518
000775
001515
005077
007159
007746
008480
010045
012013
014903
016452
017668
018134
019198
019262
019613
019674
019998
023159
023219
023848
024350
025737
026448
027317
028677
029164
031843
032523
033074
033973
036233
037562
039034
039239
039964
040019
041640
041722
042386
042687
042801
044117
045166
045724
045785
048334
050561
050867
051161
052283
052362
053163
055708
058130
058175
059608
060292
060321
061867
063482
065291
066894
067137
068727
068753
068973
071361
073714
073748
074185
074328
075011
075378
081436
081765
082431
082864
084799
085494
085837
086136
086476
086801
087651
087812
089216
090032
090196
090624
090802
090958
092437
092539
092954
093188
094700
096017
096530
097077
100125
100818
102926
103964
104510
105523
105658
105999
107531
108506
108580
108900
109031
110679
111280
111908
112594
114041
114149
117828
118348
121066
121198
122623
122774
123796
124389
125071
125166
127053
128008
128782
129052
129567
130376
130598
130609
130795
132495
132682
137253
137709
138131
138338
140565
140895
142692
142884
143690
144788
144867
145327
145630
146588
146669
147072
148784
149582
150984
151035
152797
153138
154032
154876
156033
157981
161136
161222
163276
163752
163761
164151
164296
166052
166383
169427
170130
170266
172187
172277
173603
174397
174455
177125
178668
179466
180575
184113
184362
185204
185743
186753
187871
188286
188582
190670
196892
199567
201243
202716
203370
204245
204484
205256
205345
205372
205454
205480
207344
209253
210588
211045
211050
211597
212175
213013
214287
214784
215943
217182
218819
219207
219260
219372
221487
222307
222892
222983
223109
224522
225514
225615
225670
227616
230386
231502
231936
232548
237110
237607
239643
242793
242815
244807
245357
245402
246810
247620
248874
249430
250660
252367
252962
253763
255642
256494
256591
258565
259184
259853
260076
261380
261580
265142
265509
267005
267876
268862
269386
269518
269611
270003
270125
271226
271556
272238
272628
273897
276340
276486
276789
278103
279713
280438
281267
281751
282663
289281
290149
290242
290591
292126
293670
294239
294653
294667
294995
296761
297676
299041
299646
300689
303199
303587
303635
304825
305220
307400
308967
309097
310002
311763
311867
311884
313348
313359
313425
313538
313704
314324
315561
316588
316685
317257
317793
319935
320421
325239
325317
325384
326570
326854
326964
328335
329420
329587
329662
331477
331576
332028
332233
332485
332582
332951
333363
334264
334611
334633
335023
337996
339371
340585
341274
341299
341894
342867
343153
343691
344184
345541
347345
348988
349202
350932
354830
355665
355910
356003
356616
356784
358033
358270
361821
362716
367270
367647
368686
370595
370797
371396
371960
372670
373734
374361
377741
378319
378893
379014
380200
380428
381063
382208
382461
382647
384376
390920
394329
394648
394952
395063
397180
398529
399404
399832
402020
402900
404936
406922
407012
407467
409592
410097
412696
417819
418652
419291
419953
420235
420504
420710
421003
421935
422028
422314
422488
422731
424004
424527
425772
426200
427217
427648
430192
435182
436115
436508
436926
437000
439159
440457
442445
444255
444322
444408
444767
444962
446157
446773
449539
450743
453827
454444
455804
457657
458024
462356
462802
462962
463091
463257
465382
466893
467027
468845
469374
470035
471174
471718
472401
474291
476136
476801
478132
478346
478480
480661
481843
482697
483382
483799
484463
484767
487884
488025
488708
490903
492300
493229
494076
494440
494542
494867
495077
495141
495595
498497
499838
501551
502717
504456
504610
505074
505661
506000
506757
507125
509103
510842
511182
511402
513890
517726
518264
518688
518965
520863
522162
522933
524035
524848
524883
525719
525863
527048
528162
529215
530263
530519
531361
533480
533618
536160
538670
538978
539713
540953
541541
544863
547356
547936
548524
550043
550190
550910
552104
552263
552640
553041
554192
554416
556063
556993
557350
557956
558384
559966
560197
560562
562121
564425
564486
565417
566677
566980
567084
569666
573869
574505
574525
576736
578229
578664
578973
579223
579596
582710
583139
583217
584200
584238
584406
584456
584710
585246
586662
589009
589542
591341
593345
593362
593453
593789
594710
597513
597611
598775
601608
603554
605872
606494
606700
607238
607276
607354
608299
608365
608574
609814
610046
610439
612582
614227
615644
617284
617789
618322
619078
621404
622186
623276
625789
626155
627701
628819
629125
629300
632048
632880
633194
635259
636747
637062
637948
638780
638808
640826
641016
642987
643145
643281
644434
645345
646486
646677
647175
647911
649207
649764
652390
652497
654031
655267
655984
656927
656993
658323
658363
658741
659599
660057
661019
663879
664234
664401
664872
665944
666766
670058
670164
671769
672546
674514
675895
678188
678712
678952
682397
683793
684005
685698
685798
687726
687932
693119
695475
695896
696479
696971
697307
698870
701550
701731
701807
704696
704922
706328
706425
706954
707458
708341
710875
711210
711413
711669
712437
716805
717197
718144
718538
719373
719486
719975
720197
720225
720591
721367
722100
724719
725051
725136
727098
727443
731805
732545
732680
733194
734257
735110
735128
738396
739514
742832
743108
743472
743676
743976
746334
748559
749952
750287
751068
751415
752788
756063
757250
757879
759239
760390
761422
763773
765040
765348
766829
767757
767815
770662
770839
771216
773772
773800
774105
774388
774841
779148
780743
780983
781244
782079
782770
783043
783539
785698
786223
787318
788210
788946
789224
789250
789566
789594
789635
789799
789998
790022
790103
791499
791993
793524
795758
796967
800244
800752
802353
803533
804776
805185
805985
807568
808449
808475
808710
809831
809979
810526
811438
813219
814852
818980
819493
819819
820250
820318
820707
820867
821706
821933
823644
824175
824921
825565
827154
827911
827950
828620
828845
829045
829218
829293
829517
830393
831848
832716
833635
834539
834876
836800
836965
837526
839792
840363
840855
841896
842056
842302
842939
843003
843910
846592
847603
848126
848950
849927
850092
850335
853624
853659
854351
857188
858498
859421
859523
861276
862501
862680
862922
863868
864240
864269
864649
864967
867261
868121
869050
870749
872685
873172
875330
875908
876209
876510
876536
876640
877227
878881
879199
879681
879857
880647
881960
882996
883018
883255
885502
886037
887361
887615
887681
888126
888457
888957
890233
890650
890867
891039
892392
893691
896886
902904
902966
903611
904422
905130
906283
906719
907754
907921
907948
910355
911121
911148
911380
912947
913038
913408
914514
917007
918667
919371
919453
919746
922179
924965
926497
928539
929032
930898
935322
935996
936190
936682
938254
939267
942214
942995
943665
944630
945386
947295
948636
949732
949906
950828
951628
951946
952564
954278
954965
957522
957525
957889
958851
961351
963211
964239
964512
965181
966067
967765
970526
971626
971779
972282
972685
973268
974573
974608
974650
974856
974902
977148
977185
979070
981385
983602
984389
985310
985955
985978
990373
991422
991643
993004
993225
994414
996495
997305
998331
998769
999200
999490
